A组:
best_x: [5.0e-03 5.0e-01 2.0e+02 3.0e-01 4.5e+02] 
best_y: [-4626.75273754]

350约束
best_x: [5.00000000e-03 5.00000000e-01 1.60563191e+02 3.00000000e-01 3.50000000e+02] 
best_y: [-3460.47125989]


B组:
best_x: [5.00000000e-03 5.00000000e-01 1.07993454e+02 3.00000000e-01 4.50000000e+02] 
best_y: [-3311.30641557]

350约束
best_x: [5.00000000e-03 5.00000000e-01 8.47426163e+01 3.00000000e-01 3.50000000e+02] 
best_y: [-2327.29694812]